126
7.14174e-10 0.16 2.95783e-05
7.14174e-10 0.16 0.000118378
7.14174e-10 0.16565 0.000209197
7.14174e-10 0.167271 0.000301742
7.14174e-10 0.187584 0.00039578
7.14174e-10 0.180913 0.000490874
7.14174e-10 0.183639 0.000587374
7.14174e-10 0.189123 0.000686155
7.14174e-10 0.187847 0.000786877
7.14174e-10 0.154102 0.000889843
7.14174e-10 0.176622 0.00099358
7.14174e-10 0.195144 0.00109647
7.14174e-10 0.185494 0.00119855
7.14174e-10 0.190625 0.0012998
7.14174e-10 0.197995 0.00140058
7.14174e-10 0.206028 0.00150069
7.14174e-10 0.195094 0.00159988
7.14174e-10 0.205927 0.00169793
7.14174e-10 0.208948 0.00179468
7.14174e-10 0.207828 0.00189025
7.14174e-10 0.205709 0.00198404
7.14174e-10 0.190457 0.0020756
7.14174e-10 0.191049 0.00216473
7.14174e-10 0.200503 0.0022513
7.14174e-10 0.197275 0.00233534
7.14174e-10 0.199031 0.00241684
7.14174e-10 0.208994 0.00249604
7.14174e-10 0.209052 0.00257344
7.14174e-10 0.198603 0.00264931
7.14174e-10 0.194213 0.00272362
7.14174e-10 0.197864 0.00279629
7.14174e-10 0.196767 0.00286722
7.14174e-10 0.187142 0.00293627
7.14174e-10 0.18074 0.00300336
7.14174e-10 0.183786 0.00306853
7.14174e-10 0.191196 0.00313203
7.14174e-10 0.196858 0.00319415
7.14174e-10 0.197981 0.0032551
7.14174e-10 0.19463 0.00331505
7.14174e-10 0.188702 0.00337409
7.14174e-10 0.182494 0.00343225
7.14174e-10 0.176724 0.00348953
7.14174e-10 0.171467 0.00354594
7.14174e-10 0.168948 0.00360145
7.14174e-10 0.172048 0.00365607
7.14174e-10 0.179942 0.00370977
7.14174e-10 0.187296 0.00376259
7.14174e-10 0.188645 0.00381461
7.14174e-10 0.182962 0.00386592
7.14174e-10 0.173819 0.00391663
7.14174e-10 0.166405 0.0039668
7.14174e-10 0.164162 0.00401643
7.14174e-10 0.166895 0.00406551
7.14174e-10 0.17126 0.00411402
7.14174e-10 0.173219 0.00416196
7.14174e-10 0.170671 0.00420935
7.14174e-10 0.164386 0.00425625
7.14174e-10 0.157033 0.00430271
7.14174e-10 0.151483 0.00434879
7.14174e-10 0.149491 0.00439454
7.14174e-10 0.151183 0.00443999
7.14174e-10 0.155318 0.00448515
7.14174e-10 0.160033 0.00453005
7.14174e-10 0.163663 0.00457471
7.14174e-10 0.165248 0.00461912
7.14174e-10 0.164597 0.00466329
7.14174e-10 0.162025 0.00470723
7.14174e-10 0.158066 0.00475094
7.14174e-10 0.153366 0.0047944
7.14174e-10 0.148739 0.00483763
7.14174e-10 0.145155 0.00488063
7.14174e-10 0.143476 0.00492342
7.14174e-10 0.144051 0.00496601
7.14174e-10 0.146472 0.00500843
7.14174e-10 0.149715 0.00505069
7.14174e-10 0.152604 0.00509282
7.14174e-10 0.154287 0.00513482
7.14174e-10 0.154445 0.00517673
7.14174e-10 0.153216 0.00521856
7.14174e-10 0.151022 0.00526034
7.14174e-10 0.148448 0.00530212
7.14174e-10 0.146156 0.00534391
7.14174e-10 0.144713 0.00538575
7.14174e-10 0.14434 0.0054277
7.14174e-10 0.144753 0.00546977
7.14174e-10 0.145238 0.00551202
7.14174e-10 0.145003 0.00555446
7.14174e-10 0.143603 0.00559711
7.14174e-10 0.141192 0.00563997
7.14174e-10 0.138433 0.00568305
7.14174e-10 0.13611 0.00572631
7.14174e-10 0.13468 0.00576976
7.14174e-10 0.13405 0.00581337
7.14174e-10 0.133727 0.00585716
7.14174e-10 0.133257 0.00590112
7.14174e-10 0.132645 0.0059453
7.14174e-10 0.132429 0.00598972
7.14174e-10 0.133306 0.00603446
7.14174e-10 0.135481 0.00607958
7.14174e-10 0.138168 0.00612515
7.14174e-10 0.139715 0.00617126
7.14174e-10 0.138541 0.00621796
7.14174e-10 0.134385 0.00626532
7.14174e-10 0.128885 0.0063134
7.14174e-10 0.124756 0.00636228
7.14174e-10 0.1239 0.00641202
7.14174e-10 0.125798 0.00646273
7.14174e-10 0.12781 0.00651448
7.14174e-10 0.127577 0.00656743
7.14174e-10 0.125555 0.00662174
7.14174e-10 0.124983 0.00667768
7.14174e-10 0.127526 0.00673556
7.14174e-10 0.127831 0.00679565
7.14174e-10 0.119547 0.00685812
7.14174e-10 0.107598 0.0069231
7.14174e-10 0.10461 0.00699081
7.14174e-10 0.119433 0.00706167
7.14174e-10 0.136663 0.00713646
7.14174e-10 0.119937 0.00721645
7.14174e-10 0.114078 0.00730389
7.14174e-10 0.146781 0.00740452
7.14174e-10 0.105876 0.00752366
7.14174e-10 0.126646 0.00767714
1.78543e-10 0.121088 0.00789223
2.23179e-11 0.129362 0.00806224
1.39487e-12 0.0801264 0.00818998
